0 0.129274 0.167187 0.241453 0.178125
0 0.379274 0.167187 0.241453 0.178125
0 0.629274 0.167187 0.241453 0.178125
0 0.877137 0.167187 0.241453 0.178125
0 0.875000 0.351562 0.241453 0.178125
0 0.627137 0.351562 0.241453 0.178125
0 0.381410 0.353125 0.241453 0.178125
0 0.131410 0.351562 0.241453 0.178125
0 0.129274 0.537500 0.241453 0.178125
0 0.379274 0.535937 0.241453 0.178125
0 0.627137 0.534375 0.241453 0.178125
0 0.877137 0.535937 0.241453 0.178125
0 0.878205 0.718750 0.243590 0.178125
0 0.878205 0.904687 0.243590 0.178125
0 0.628205 0.904687 0.243590 0.178125
0 0.628205 0.719531 0.243590 0.179688
0 0.378205 0.719531 0.243590 0.179688
0 0.126068 0.719531 0.243590 0.179688
0 0.128205 0.906250 0.243590 0.178125
0 0.380342 0.900000 0.243590 0.178125
