0 0.126302 0.111361 0.197917 0.170979
0 0.363281 0.111361 0.197917 0.170979
0 0.601562 0.109111 0.197917 0.170979
0 0.852865 0.106862 0.197917 0.170979
0 0.858073 0.318335 0.197917 0.170979
0 0.610677 0.328459 0.197917 0.170979
0 0.373047 0.323960 0.191406 0.164229
0 0.136719 0.324522 0.197917 0.169854
0 0.138021 0.550619 0.197917 0.169854
0 0.615234 0.550056 0.191406 0.161980
0 0.376953 0.550619 0.191406 0.165354
0 0.850260 0.543870 0.195312 0.167604
0 0.837240 0.771654 0.192708 0.166479
0 0.602214 0.773903 0.196615 0.173228
0 0.345703 0.777840 0.123698 0.109111
0 0.164714 0.773341 0.121094 0.104612
0 0.361328 0.944319 0.204427 0.073116
0 0.620443 0.942632 0.186198 0.065242
