0 0.135417 0.133789 0.205357 0.134766
0 0.135417 0.284180 0.205357 0.134766
0 0.135417 0.434570 0.205357 0.134766
0 0.138393 0.586914 0.205357 0.134766
0 0.138393 0.739258 0.205357 0.134766
0 0.138393 0.889648 0.205357 0.134766
0 0.376488 0.891602 0.205357 0.134766
0 0.376488 0.741211 0.205357 0.134766
0 0.379464 0.588867 0.205357 0.134766
0 0.379464 0.434570 0.205357 0.134766
0 0.376488 0.286133 0.205357 0.134766
0 0.379464 0.131836 0.205357 0.134766
0 0.614583 0.131836 0.205357 0.134766
0 0.617560 0.286133 0.205357 0.134766
0 0.614583 0.434570 0.205357 0.134766
0 0.617560 0.584961 0.205357 0.134766
0 0.617560 0.739258 0.205357 0.134766
0 0.614583 0.887695 0.205357 0.134766
0 0.855655 0.889648 0.205357 0.134766
0 0.855655 0.739258 0.205357 0.134766
0 0.861607 0.586914 0.205357 0.134766
0 0.858631 0.436523 0.205357 0.134766
0 0.858631 0.284180 0.205357 0.134766
0 0.855655 0.131836 0.205357 0.134766
