0 0.118391 0.158750 0.140230 0.307500
0 0.270115 0.163750 0.140230 0.307500
0 0.424138 0.163750 0.140230 0.307500
0 0.578161 0.163750 0.140230 0.302500
0 0.729885 0.163750 0.140230 0.302500
0 0.883908 0.166250 0.140230 0.302500
0 0.118966 0.496250 0.141379 0.302500
0 0.271264 0.493750 0.140230 0.302500
0 0.425287 0.491250 0.140230 0.302500
0 0.575862 0.496250 0.137931 0.307500
0 0.727586 0.496250 0.140230 0.302500
0 0.880460 0.493750 0.140230 0.302500
0 0.881609 0.826250 0.140230 0.302500
0 0.727586 0.826250 0.140230 0.302500
0 0.577011 0.823750 0.140230 0.302500
0 0.421839 0.823750 0.140230 0.302500
0 0.271264 0.827500 0.140230 0.310000
0 0.116667 0.825000 0.141379 0.310000
