0 0.088000 0.130392 0.096000 0.186275
0 0.213000 0.128431 0.104000 0.201961
0 0.370000 0.120588 0.104000 0.201961
0 0.513000 0.124510 0.104000 0.201961
0 0.071000 0.355882 0.116000 0.225490
0 0.199000 0.355882 0.116000 0.225490
0 0.627000 0.116667 0.054000 0.119608
0 0.792500 0.123529 0.087000 0.176471
0 0.870500 0.356863 0.121000 0.235294
0 0.695500 0.368627 0.121000 0.235294
0 0.439000 0.371569 0.056000 0.123529
0 0.736000 0.599020 0.112000 0.221569
0 0.930000 0.857843 0.112000 0.221569
0 0.069500 0.856863 0.105000 0.196078
0 0.337000 0.832353 0.098000 0.190196
0 0.408500 0.928431 0.037000 0.107843
0 0.613000 0.895098 0.090000 0.174510
0 0.570500 0.590196 0.079000 0.152941
0 0.410000 0.619608 0.084000 0.164706
0 0.072000 0.617647 0.086000 0.176471
