0 0.144239 0.207241 0.186946 0.128278
0 0.380338 0.206670 0.185334 0.129418
0 0.617244 0.206670 0.185334 0.129418
0 0.858985 0.207811 0.185334 0.129418
0 0.855761 0.370296 0.185334 0.129418
0 0.618856 0.371437 0.185334 0.129418
0 0.380338 0.370296 0.185334 0.129418
0 0.144239 0.369726 0.185334 0.129418
0 0.142627 0.545325 0.185334 0.129418
0 0.382756 0.546465 0.185334 0.129418
0 0.621273 0.545325 0.185334 0.129418
0 0.856567 0.545325 0.185334 0.129418
0 0.855359 0.721209 0.182917 0.129989
0 0.620064 0.721209 0.182917 0.129989
0 0.381547 0.721209 0.182917 0.129989
0 0.141418 0.721779 0.182917 0.129989
0 0.085818 0.915906 0.120064 0.088369
0 0.226027 0.915906 0.123288 0.086089
0 0.367849 0.913056 0.124899 0.087229
0 0.504029 0.913626 0.120064 0.088369
0 0.644239 0.911345 0.120064 0.088369
0 0.776390 0.910205 0.120064 0.088369
0 0.914182 0.910205 0.120064 0.088369
