0 0.115000 0.138716 0.153333 0.186335
0 0.308333 0.139752 0.153333 0.192547
0 0.500000 0.140787 0.153333 0.190476
0 0.695000 0.138716 0.153333 0.190476
0 0.888333 0.138716 0.153333 0.190476
0 0.888333 0.376812 0.153333 0.190476
0 0.695833 0.377847 0.148333 0.188406
0 0.503333 0.376812 0.153333 0.190476
0 0.307500 0.376812 0.151667 0.190476
0 0.114167 0.377847 0.151667 0.188406
0 0.115833 0.618012 0.151667 0.188406
0 0.308333 0.618012 0.150000 0.188406
0 0.501667 0.618012 0.150000 0.184265
0 0.694167 0.620083 0.151667 0.188406
0 0.886667 0.616977 0.153333 0.186335
0 0.887500 0.860248 0.151667 0.188406
0 0.694167 0.858178 0.151667 0.188406
0 0.505833 0.856108 0.151667 0.188406
0 0.309167 0.860248 0.151667 0.184265
0 0.117500 0.858178 0.151667 0.184265
