0 0.137500 0.068768 0.245000 0.103152
0 0.135000 0.191977 0.245000 0.103152
0 0.135000 0.312321 0.245000 0.103152
0 0.135000 0.438395 0.245000 0.103152
0 0.137500 0.561605 0.245000 0.103152
0 0.137500 0.684814 0.245000 0.103152
0 0.135000 0.808023 0.245000 0.103152
0 0.137500 0.931232 0.245000 0.103152
0 0.742500 0.075931 0.295000 0.123209
0 0.743750 0.265043 0.312500 0.209169
0 0.741250 0.535817 0.372500 0.280802
0 0.742500 0.839542 0.485000 0.280802
0 0.402500 0.157593 0.245000 0.280802
0 0.400000 0.425501 0.180000 0.209169
0 0.401250 0.640401 0.147500 0.174785
0 0.401250 0.806590 0.097500 0.117479
0 0.401250 0.928367 0.072500 0.085960
