0 0.190000 0.054878 0.212000 0.097561
0 0.190000 0.189024 0.212000 0.109756
0 0.190000 0.329268 0.212000 0.109756
0 0.190000 0.469512 0.212000 0.109756
0 0.190000 0.609756 0.212000 0.109756
0 0.190000 0.750000 0.212000 0.109756
0 0.190000 0.890244 0.212000 0.109756
0 0.706000 0.786585 0.412000 0.317073
0 0.708000 0.439024 0.320000 0.317073
0 0.704000 0.128049 0.264000 0.231707
0 0.414000 0.088415 0.212000 0.164634
0 0.414000 0.320122 0.156000 0.237805
0 0.412000 0.557927 0.128000 0.201220
0 0.414000 0.750000 0.084000 0.134146
0 0.414000 0.887195 0.068000 0.103659
