0 0.088977 0.173522 0.151394 0.285347
0 0.250996 0.165810 0.151394 0.285347
0 0.416999 0.170951 0.151394 0.285347
0 0.577689 0.177378 0.146082 0.282776
0 0.739708 0.178663 0.148738 0.285347
0 0.911023 0.223650 0.132802 0.370180
0 0.088977 0.484576 0.151394 0.285347
0 0.245684 0.488432 0.143426 0.277635
0 0.413015 0.485861 0.143426 0.277635
0 0.576361 0.485861 0.143426 0.277635
0 0.734396 0.483290 0.143426 0.277635
0 0.084993 0.799486 0.143426 0.277635
0 0.248340 0.802057 0.143426 0.277635
0 0.415671 0.799486 0.148738 0.282776
0 0.581673 0.799486 0.148738 0.282776
0 0.738380 0.794344 0.148738 0.282776
0 0.900398 0.800771 0.154050 0.295630
0 0.895750 0.539846 0.163347 0.123393
