0 0.106061 0.164119 0.171717 0.125910
0 0.302525 0.163392 0.174747 0.127365
0 0.499495 0.161936 0.174747 0.127365
0 0.694444 0.162664 0.174747 0.127365
0 0.890404 0.164119 0.174747 0.127365
0 0.889394 0.308952 0.174747 0.127365
0 0.693434 0.306769 0.174747 0.127365
0 0.497475 0.308952 0.174747 0.127365
0 0.300505 0.310408 0.174747 0.127365
0 0.107071 0.308588 0.167677 0.122271
0 0.105051 0.447962 0.173737 0.125910
0 0.304040 0.446507 0.173737 0.125910
0 0.501010 0.447234 0.173737 0.125910
0 0.695960 0.447234 0.173737 0.125910
0 0.892929 0.446507 0.173737 0.125910
0 0.891919 0.673581 0.173737 0.125910
0 0.693939 0.674309 0.173737 0.125910
0 0.496465 0.673945 0.170707 0.125182
0 0.302525 0.674309 0.170707 0.127365
0 0.107071 0.672853 0.173737 0.127365
0 0.302020 0.893741 0.171717 0.125182
0 0.106566 0.893377 0.174747 0.125910
0 0.498990 0.892285 0.171717 0.125182
0 0.693939 0.894105 0.177778 0.124454
0 0.889899 0.893013 0.171717 0.125182
