0 0.132597 0.135742 0.187845 0.130859
0 0.371547 0.134766 0.190608 0.132812
0 0.610497 0.134766 0.187845 0.132812
0 0.848066 0.134766 0.187845 0.132812
0 0.848066 0.320312 0.187845 0.132812
0 0.610497 0.320312 0.187845 0.132812
0 0.372928 0.320312 0.187845 0.132812
0 0.132597 0.318359 0.187845 0.132812
0 0.135359 0.503906 0.187845 0.132812
0 0.372928 0.505859 0.187845 0.132812
0 0.613260 0.503906 0.187845 0.132812
0 0.845304 0.505859 0.187845 0.132812
0 0.848066 0.689453 0.187845 0.132812
0 0.607735 0.691406 0.187845 0.132812
0 0.372928 0.691406 0.187845 0.132812
0 0.135359 0.689453 0.187845 0.132812
0 0.132597 0.876953 0.187845 0.132812
0 0.372928 0.876953 0.187845 0.132812
0 0.607735 0.875000 0.187845 0.132812
0 0.850829 0.876953 0.187845 0.132812
