0 0.114000 0.134328 0.148000 0.189055
0 0.112000 0.373134 0.152000 0.189055
0 0.112000 0.614428 0.160000 0.194030
0 0.114000 0.860697 0.156000 0.189055
0 0.306000 0.860697 0.156000 0.189055
0 0.506000 0.855721 0.156000 0.189055
0 0.692000 0.860697 0.152000 0.189055
0 0.888000 0.860697 0.152000 0.189055
0 0.888000 0.616915 0.152000 0.189055
0 0.692000 0.621891 0.152000 0.189055
0 0.500000 0.621891 0.152000 0.189055
0 0.308000 0.616915 0.152000 0.189055
0 0.308000 0.378109 0.152000 0.189055
0 0.504000 0.378109 0.152000 0.189055
0 0.696000 0.378109 0.152000 0.189055
0 0.892000 0.378109 0.152000 0.189055
0 0.888000 0.139303 0.152000 0.189055
0 0.696000 0.139303 0.152000 0.189055
0 0.500000 0.139303 0.152000 0.189055
0 0.308000 0.139303 0.152000 0.189055
