0 0.112676 0.210674 0.176056 0.286517
0 0.306338 0.207865 0.176056 0.280899
0 0.496479 0.207865 0.176056 0.280899
0 0.690141 0.207865 0.176056 0.292135
0 0.883803 0.207865 0.176056 0.292135
0 0.887324 0.516854 0.176056 0.292135
0 0.690141 0.519663 0.176056 0.286517
0 0.498239 0.516854 0.172535 0.280899
0 0.306338 0.519663 0.176056 0.286517
0 0.116197 0.519663 0.176056 0.286517
0 0.116197 0.823034 0.176056 0.286517
0 0.306338 0.823034 0.176056 0.286517
0 0.498239 0.825843 0.172535 0.280899
0 0.690141 0.823034 0.176056 0.286517
0 0.883803 0.823034 0.176056 0.286517
