0 0.124402 0.109504 0.200957 0.169421
0 0.363636 0.109504 0.200957 0.169421
0 0.602871 0.109504 0.200957 0.169421
0 0.851675 0.105372 0.200957 0.169421
0 0.856459 0.314050 0.200957 0.173554
0 0.607656 0.326446 0.200957 0.173554
0 0.373206 0.322314 0.191388 0.165289
0 0.136364 0.322314 0.196172 0.173554
0 0.138756 0.549587 0.200957 0.173554
0 0.377990 0.549587 0.191388 0.165289
0 0.612440 0.547521 0.191388 0.161157
0 0.846890 0.543388 0.191388 0.169421
0 0.837321 0.774793 0.191388 0.169421
0 0.602871 0.774793 0.200957 0.169421
0 0.344498 0.778926 0.133971 0.111570
0 0.162679 0.770661 0.114833 0.103306
0 0.358852 0.940083 0.210526 0.078512
0 0.622010 0.942149 0.191388 0.074380
