0 0.112440 0.087137 0.138756 0.116183
0 0.112440 0.215768 0.138756 0.116183
0 0.112440 0.348548 0.138756 0.116183
0 0.112440 0.481328 0.138756 0.116183
0 0.117225 0.622407 0.138756 0.116183
0 0.112440 0.767635 0.138756 0.116183
0 0.112440 0.921162 0.138756 0.116183
0 0.308612 0.917012 0.138756 0.116183
0 0.509569 0.925311 0.138756 0.116183
0 0.514354 0.771784 0.138756 0.116183
0 0.303828 0.767635 0.138756 0.116183
0 0.303828 0.622407 0.138756 0.116183
0 0.519139 0.622407 0.138756 0.116183
0 0.705742 0.767635 0.138756 0.116183
0 0.897129 0.767635 0.138756 0.116183
0 0.897129 0.622407 0.138756 0.116183
0 0.710526 0.622407 0.138756 0.116183
0 0.710526 0.481328 0.138756 0.116183
0 0.901914 0.481328 0.138756 0.116183
0 0.514354 0.481328 0.138756 0.116183
0 0.308612 0.481328 0.138756 0.116183
0 0.308612 0.348548 0.138756 0.116183
0 0.514354 0.348548 0.138756 0.116183
0 0.705742 0.348548 0.138756 0.116183
0 0.897129 0.348548 0.138756 0.116183
0 0.897129 0.215768 0.138756 0.116183
0 0.705742 0.215768 0.138756 0.116183
0 0.514354 0.215768 0.138756 0.116183
0 0.308612 0.215768 0.138756 0.116183
0 0.308612 0.087137 0.138756 0.116183
0 0.519139 0.087137 0.138756 0.116183
0 0.710526 0.087137 0.138756 0.116183
0 0.901914 0.087137 0.138756 0.116183
