0 0.140000 0.120000 0.200000 0.200000
0 0.140000 0.360000 0.200000 0.200000
0 0.140000 0.640000 0.200000 0.200000
0 0.140000 0.870000 0.200000 0.200000
0 0.380000 0.870000 0.200000 0.200000
0 0.620000 0.860000 0.200000 0.200000
0 0.870000 0.860000 0.200000 0.200000
0 0.870000 0.640000 0.200000 0.200000
0 0.625000 0.640000 0.210000 0.200000
0 0.375000 0.640000 0.210000 0.200000
0 0.375000 0.360000 0.210000 0.200000
0 0.625000 0.360000 0.210000 0.200000
0 0.860000 0.360000 0.200000 0.200000
0 0.870000 0.115000 0.200000 0.210000
0 0.620000 0.120000 0.200000 0.200000
0 0.375000 0.115000 0.210000 0.210000
