0 0.103175 0.174157 0.185185 0.131086
0 0.103175 0.316479 0.185185 0.131086
0 0.108466 0.458801 0.185185 0.131086
0 0.103175 0.597378 0.185185 0.131086
0 0.103175 0.739700 0.185185 0.131086
0 0.103175 0.882022 0.185185 0.131086
0 0.304233 0.882022 0.185185 0.131086
0 0.505291 0.882022 0.185185 0.131086
0 0.304233 0.739700 0.185185 0.131086
0 0.304233 0.601124 0.185185 0.131086
0 0.304233 0.456929 0.185185 0.134831
0 0.304233 0.314607 0.185185 0.134831
0 0.304233 0.172285 0.185185 0.134831
0 0.505291 0.172285 0.185185 0.134831
0 0.706349 0.172285 0.185185 0.134831
0 0.907407 0.172285 0.185185 0.134831
0 0.706349 0.314607 0.185185 0.134831
0 0.502646 0.314607 0.190476 0.134831
0 0.907407 0.314607 0.185185 0.134831
0 0.902116 0.453184 0.185185 0.134831
0 0.706349 0.456929 0.185185 0.134831
0 0.505291 0.456929 0.185185 0.134831
0 0.505291 0.597378 0.185185 0.131086
0 0.505291 0.739700 0.185185 0.131086
0 0.706349 0.882022 0.185185 0.131086
0 0.907407 0.882022 0.185185 0.131086
0 0.907407 0.739700 0.185185 0.131086
0 0.706349 0.739700 0.185185 0.131086
0 0.706349 0.601124 0.185185 0.131086
0 0.902116 0.597378 0.185185 0.131086
