0 0.158915 0.176020 0.162791 0.198980
0 0.156977 0.377551 0.166667 0.214286
0 0.164729 0.619898 0.166667 0.209184
0 0.327519 0.614796 0.166667 0.209184
0 0.500000 0.619898 0.170543 0.209184
0 0.676357 0.609694 0.166667 0.209184
0 0.843023 0.614796 0.166667 0.209184
0 0.835271 0.405612 0.166667 0.209184
0 0.672481 0.395408 0.166667 0.209184
0 0.498062 0.400510 0.166667 0.209184
0 0.323643 0.400510 0.166667 0.209184
0 0.319767 0.181122 0.166667 0.209184
0 0.490310 0.181122 0.166667 0.209184
0 0.660853 0.181122 0.166667 0.209184
0 0.839147 0.191327 0.166667 0.209184
