0 0.108466 0.176030 0.185185 0.127341
0 0.304233 0.176030 0.185185 0.127341
0 0.505291 0.176030 0.185185 0.127341
0 0.706349 0.176030 0.185185 0.127341
0 0.904762 0.176030 0.190476 0.127341
0 0.902116 0.316479 0.185185 0.131086
0 0.706349 0.320225 0.185185 0.131086
0 0.505291 0.316479 0.185185 0.131086
0 0.304233 0.316479 0.185185 0.131086
0 0.103175 0.312734 0.185185 0.131086
0 0.103175 0.458801 0.185185 0.131086
0 0.298942 0.458801 0.185185 0.131086
0 0.505291 0.458801 0.185185 0.131086
0 0.703704 0.456929 0.179894 0.127341
0 0.907407 0.456929 0.185185 0.127341
0 0.907407 0.597378 0.185185 0.131086
0 0.706349 0.601124 0.185185 0.131086
0 0.505291 0.597378 0.185185 0.131086
0 0.304233 0.597378 0.185185 0.131086
0 0.103175 0.597378 0.185185 0.131086
0 0.103175 0.739700 0.185185 0.131086
0 0.304233 0.739700 0.185185 0.131086
0 0.505291 0.739700 0.185185 0.131086
0 0.701058 0.739700 0.185185 0.131086
0 0.904762 0.739700 0.190476 0.131086
0 0.904762 0.882022 0.190476 0.131086
0 0.708995 0.882022 0.190476 0.131086
0 0.502646 0.882022 0.190476 0.131086
0 0.301587 0.882022 0.190476 0.131086
0 0.100529 0.882022 0.190476 0.131086
