0 0.126984 0.168539 0.222222 0.157303
0 0.126984 0.335206 0.211640 0.131086
0 0.349206 0.338951 0.201058 0.123596
0 0.566138 0.342697 0.201058 0.123596
0 0.341270 0.179775 0.195767 0.134831
0 0.523810 0.196629 0.148148 0.108614
0 0.666667 0.209738 0.105820 0.074906
0 0.727513 0.116105 0.089947 0.067416
0 0.629630 0.108614 0.074074 0.059925
0 0.544974 0.101124 0.063492 0.037453
0 0.907407 0.084270 0.121693 0.041199
0 0.883598 0.153558 0.169312 0.044944
0 0.862434 0.239700 0.211640 0.059925
0 0.846561 0.314607 0.253968 0.044944
0 0.830688 0.404494 0.275132 0.074906
0 0.809524 0.520599 0.328042 0.097378
0 0.796296 0.659176 0.354497 0.119850
0 0.809524 0.765918 0.317460 0.033708
0 0.777778 0.928839 0.391534 0.082397
0 0.796296 0.837079 0.343915 0.048689
0 0.457672 0.900749 0.195767 0.138577
0 0.457672 0.737828 0.185185 0.127341
0 0.161376 0.908240 0.280423 0.131086
0 0.161376 0.756554 0.280423 0.119850
0 0.140212 0.621723 0.238095 0.097378
0 0.116402 0.498127 0.190476 0.074906
0 0.322751 0.490637 0.137566 0.059925
0 0.476190 0.486891 0.095238 0.052434
0 0.584656 0.473783 0.058201 0.033708
0 0.354497 0.602996 0.137566 0.097378
0 0.507937 0.593633 0.116402 0.086142
