0 0.135417 0.064286 0.245833 0.100000
0 0.139583 0.188095 0.245833 0.100000
0 0.139583 0.311905 0.245833 0.100000
0 0.135417 0.435714 0.245833 0.100000
0 0.135417 0.559524 0.245833 0.100000
0 0.135417 0.683333 0.245833 0.100000
0 0.135417 0.807143 0.245833 0.100000
0 0.135417 0.930952 0.245833 0.100000
0 0.404167 0.928571 0.075000 0.085714
0 0.402083 0.804762 0.095833 0.104762
0 0.400000 0.638095 0.150000 0.171429
0 0.402083 0.423810 0.179167 0.209524
0 0.402083 0.154762 0.245833 0.280952
0 0.739583 0.535714 0.370833 0.280952
0 0.743750 0.838095 0.487500 0.285714
0 0.741667 0.264286 0.308333 0.204762
0 0.741667 0.073810 0.300000 0.119048
