0 0.076419 0.077273 0.144105 0.145455
0 0.076419 0.275000 0.144105 0.150000
0 0.076419 0.484091 0.144105 0.150000
0 0.076419 0.688636 0.144105 0.150000
0 0.076419 0.893182 0.144105 0.150000
0 0.246725 0.893182 0.144105 0.150000
0 0.408297 0.893182 0.144105 0.150000
0 0.582969 0.893182 0.144105 0.150000
0 0.753275 0.893182 0.144105 0.150000
0 0.925764 0.893182 0.148472 0.150000
0 0.925764 0.688636 0.148472 0.150000
0 0.751092 0.688636 0.148472 0.150000
0 0.580786 0.684091 0.148472 0.150000
0 0.410480 0.688636 0.148472 0.150000
0 0.244541 0.688636 0.148472 0.150000
0 0.240175 0.484091 0.148472 0.150000
0 0.414847 0.484091 0.148472 0.150000
0 0.580786 0.484091 0.148472 0.150000
0 0.751092 0.484091 0.148472 0.150000
0 0.921397 0.484091 0.148472 0.150000
0 0.925764 0.275000 0.148472 0.150000
0 0.751092 0.275000 0.148472 0.150000
0 0.585153 0.275000 0.148472 0.150000
0 0.410480 0.270455 0.148472 0.150000
0 0.244541 0.270455 0.148472 0.150000
0 0.240175 0.077273 0.148472 0.145455
0 0.414847 0.077273 0.148472 0.145455
0 0.585153 0.077273 0.148472 0.145455
0 0.751092 0.077273 0.148472 0.145455
0 0.925764 0.077273 0.148472 0.145455
