0 0.105263 0.164151 0.178947 0.124528
0 0.105263 0.311321 0.178947 0.124528
0 0.110526 0.447170 0.178947 0.124528
0 0.305263 0.447170 0.178947 0.124528
0 0.294737 0.307547 0.178947 0.124528
0 0.300000 0.160377 0.178947 0.124528
0 0.500000 0.164151 0.178947 0.124528
0 0.494737 0.307547 0.178947 0.124528
0 0.500000 0.447170 0.178947 0.124528
0 0.694737 0.445283 0.178947 0.128302
0 0.694737 0.305660 0.178947 0.128302
0 0.694737 0.162264 0.178947 0.128302
0 0.889474 0.162264 0.178947 0.128302
0 0.889474 0.305660 0.178947 0.128302
0 0.889474 0.445283 0.178947 0.128302
0 0.889474 0.671698 0.178947 0.128302
0 0.689474 0.675472 0.178947 0.128302
0 0.494737 0.671698 0.178947 0.128302
0 0.300000 0.671698 0.178947 0.128302
0 0.110526 0.671698 0.178947 0.128302
0 0.110526 0.890566 0.178947 0.128302
0 0.305263 0.890566 0.178947 0.128302
0 0.494737 0.894340 0.178947 0.128302
0 0.694737 0.890566 0.178947 0.128302
0 0.889474 0.890566 0.178947 0.128302
