0 0.142857 0.207865 0.179894 0.131086
0 0.142857 0.372659 0.179894 0.131086
0 0.137566 0.544944 0.179894 0.131086
0 0.142857 0.720974 0.179894 0.131086
0 0.142857 0.897004 0.179894 0.131086
0 0.380952 0.897004 0.179894 0.131086
0 0.613757 0.897004 0.179894 0.131086
0 0.862434 0.897004 0.179894 0.131086
0 0.857143 0.720974 0.179894 0.131086
0 0.616402 0.717228 0.185185 0.131086
0 0.373016 0.720974 0.185185 0.131086
0 0.373016 0.544944 0.185185 0.131086
0 0.616402 0.541199 0.185185 0.131086
0 0.857143 0.544944 0.179894 0.131086
0 0.851852 0.368914 0.179894 0.131086
0 0.616402 0.368914 0.185185 0.131086
0 0.378307 0.368914 0.185185 0.131086
0 0.373016 0.207865 0.185185 0.131086
0 0.616402 0.204120 0.185185 0.131086
0 0.857143 0.207865 0.179894 0.131086
