0 0.144608 0.098790 0.200980 0.165323
0 0.144608 0.296371 0.200980 0.165323
0 0.384804 0.296371 0.200980 0.165323
0 0.625000 0.296371 0.200980 0.165323
0 0.870098 0.296371 0.200980 0.165323
0 0.870098 0.098790 0.200980 0.165323
0 0.629902 0.098790 0.200980 0.165323
0 0.379902 0.098790 0.200980 0.165323
0 0.137255 0.524194 0.205882 0.169355
0 0.142157 0.707661 0.205882 0.165323
0 0.142157 0.893145 0.205882 0.165323
0 0.389706 0.893145 0.200980 0.165323
0 0.620098 0.893145 0.200980 0.165323
0 0.870098 0.893145 0.200980 0.165323
0 0.870098 0.707661 0.200980 0.165323
0 0.625000 0.707661 0.200980 0.165323
0 0.379902 0.707661 0.200980 0.165323
0 0.379902 0.526210 0.200980 0.165323
0 0.620098 0.522177 0.200980 0.165323
0 0.870098 0.522177 0.200980 0.165323
