0 0.060000 0.130000 0.100000 0.180000
0 0.060000 0.370000 0.100000 0.200000
0 0.255000 0.135000 0.190000 0.190000
0 0.255000 0.375000 0.190000 0.190000
0 0.255000 0.615000 0.190000 0.190000
0 0.255000 0.855000 0.190000 0.190000
0 0.505000 0.855000 0.190000 0.190000
0 0.735000 0.855000 0.190000 0.190000
0 0.735000 0.620000 0.190000 0.180000
0 0.495000 0.615000 0.190000 0.190000
0 0.495000 0.375000 0.190000 0.190000
0 0.495000 0.135000 0.190000 0.190000
0 0.735000 0.135000 0.190000 0.190000
0 0.735000 0.375000 0.190000 0.190000
0 0.940000 0.135000 0.120000 0.190000
0 0.935000 0.380000 0.110000 0.200000
0 0.935000 0.615000 0.110000 0.190000
0 0.945000 0.855000 0.110000 0.190000
0 0.060000 0.855000 0.100000 0.190000
0 0.060000 0.615000 0.100000 0.190000
