0 0.163212 0.114504 0.191710 0.137405
0 0.386010 0.114504 0.191710 0.137405
0 0.613990 0.114504 0.191710 0.137405
0 0.836788 0.114504 0.191710 0.137405
0 0.841969 0.278626 0.191710 0.137405
0 0.613990 0.274809 0.191710 0.137405
0 0.391192 0.278626 0.191710 0.137405
0 0.158031 0.278626 0.191710 0.137405
0 0.163212 0.438931 0.191710 0.137405
0 0.386010 0.438931 0.191710 0.137405
0 0.613990 0.438931 0.191710 0.137405
0 0.841969 0.438931 0.191710 0.137405
0 0.841969 0.603053 0.191710 0.137405
0 0.619171 0.603053 0.191710 0.137405
0 0.391192 0.603053 0.191710 0.137405
0 0.163212 0.599237 0.191710 0.137405
0 0.163212 0.763359 0.191710 0.137405
0 0.386010 0.763359 0.191710 0.137405
0 0.613990 0.763359 0.191710 0.137405
0 0.841969 0.763359 0.191710 0.137405
0 0.619171 0.927481 0.191710 0.137405
0 0.391192 0.927481 0.191710 0.137405
0 0.158031 0.923664 0.191710 0.137405
0 0.836788 0.923664 0.191710 0.137405
