0 0.138743 0.072243 0.193717 0.136882
0 0.138743 0.231939 0.193717 0.144487
0 0.138743 0.391635 0.193717 0.144487
0 0.138743 0.608365 0.193717 0.144487
0 0.138743 0.764259 0.193717 0.144487
0 0.149215 0.925856 0.193717 0.148289
0 0.379581 0.925856 0.193717 0.148289
0 0.374346 0.758555 0.193717 0.148289
0 0.374346 0.606464 0.193717 0.148289
0 0.609948 0.602662 0.193717 0.148289
0 0.615183 0.766160 0.193717 0.148289
0 0.620419 0.925856 0.193717 0.148289
0 0.861257 0.922053 0.193717 0.148289
0 0.856021 0.766160 0.193717 0.148289
0 0.840314 0.606464 0.193717 0.148289
0 0.856021 0.393536 0.193717 0.148289
0 0.612565 0.393536 0.198953 0.148289
0 0.366492 0.389734 0.198953 0.148289
0 0.371728 0.230038 0.198953 0.148289
0 0.371728 0.074144 0.198953 0.140684
0 0.612565 0.074144 0.198953 0.140684
0 0.612565 0.231939 0.198953 0.144487
0 0.845550 0.231939 0.193717 0.144487
0 0.840314 0.074144 0.193717 0.140684
