0 0.107511 0.175781 0.188513 0.129688
0 0.111193 0.317969 0.188513 0.129688
0 0.105302 0.461719 0.188513 0.129688
0 0.106038 0.603906 0.188513 0.129688
0 0.108984 0.744531 0.188513 0.129688
0 0.109720 0.884635 0.188513 0.129688
0 0.301915 0.885677 0.188513 0.129688
0 0.502946 0.884635 0.188513 0.129688
0 0.708395 0.885156 0.188513 0.129688
0 0.902798 0.882552 0.188513 0.129688
0 0.706922 0.742448 0.188513 0.129688
0 0.905376 0.742969 0.189249 0.129688
0 0.509941 0.741927 0.189249 0.129688
0 0.308174 0.742448 0.189249 0.129688
0 0.306701 0.602865 0.189249 0.129688
0 0.509941 0.600260 0.189249 0.129688
0 0.706554 0.600781 0.189249 0.129688
0 0.905376 0.599740 0.189249 0.129688
0 0.903903 0.458594 0.189249 0.129688
0 0.704345 0.459115 0.189249 0.129688
0 0.509941 0.460156 0.189249 0.129688
0 0.305965 0.459115 0.189249 0.129688
0 0.306701 0.316406 0.189249 0.129688
0 0.505523 0.317448 0.189249 0.129688
0 0.706554 0.319531 0.189249 0.129688
0 0.905376 0.316927 0.189249 0.129688
0 0.901694 0.178646 0.189249 0.130208
0 0.702135 0.176042 0.189249 0.130208
0 0.507732 0.176563 0.189249 0.130208
0 0.308174 0.177083 0.189249 0.130208
