0 0.162822 0.116500 0.187246 0.137000
0 0.162822 0.277500 0.187246 0.137000
0 0.162822 0.441500 0.187246 0.137000
0 0.164179 0.600500 0.187246 0.137000
0 0.158752 0.761500 0.187246 0.137000
0 0.160109 0.924500 0.187246 0.137000
0 0.390773 0.927500 0.187246 0.137000
0 0.617368 0.926500 0.187246 0.137000
0 0.835821 0.924500 0.187246 0.137000
0 0.841248 0.763500 0.187246 0.137000
0 0.616011 0.763500 0.187246 0.137000
0 0.390773 0.762500 0.187246 0.137000
0 0.616011 0.603500 0.187246 0.137000
0 0.392130 0.601500 0.187246 0.137000
0 0.838535 0.601500 0.187246 0.137000
0 0.841248 0.439500 0.187246 0.137000
0 0.617368 0.437500 0.187246 0.137000
0 0.389417 0.438500 0.187246 0.137000
0 0.390773 0.276500 0.187246 0.137000
0 0.616011 0.276500 0.187246 0.137000
0 0.841248 0.275500 0.187246 0.137000
0 0.842605 0.115500 0.187246 0.137000
0 0.614654 0.113500 0.187246 0.137000
0 0.390773 0.115500 0.187246 0.137000
