0 0.138255 0.073242 0.201342 0.142578
0 0.138255 0.075195 0.201342 0.142578
0 0.138255 0.232422 0.201342 0.142578
0 0.139597 0.390625 0.201342 0.142578
0 0.371812 0.392578 0.201342 0.142578
0 0.378523 0.230469 0.201342 0.142578
0 0.378523 0.073242 0.201342 0.142578
0 0.375839 0.075195 0.201342 0.142578
0 0.617450 0.075195 0.201342 0.142578
0 0.845638 0.071777 0.201342 0.141602
0 0.848322 0.231445 0.201342 0.142578
0 0.612081 0.234375 0.201342 0.142578
0 0.613423 0.393555 0.201342 0.142578
0 0.853691 0.393555 0.201342 0.142578
0 0.135570 0.606445 0.201342 0.142578
0 0.143624 0.764648 0.201342 0.142578
0 0.151678 0.925781 0.201342 0.142578
0 0.375839 0.761719 0.201342 0.142578
0 0.375839 0.608398 0.201342 0.142578
0 0.609396 0.602539 0.201342 0.142578
0 0.842953 0.607422 0.201342 0.142578
0 0.613423 0.767578 0.201342 0.142578
0 0.379866 0.928223 0.201342 0.143555
0 0.622819 0.928223 0.201342 0.143555
0 0.857718 0.924316 0.201342 0.143555
0 0.855034 0.768066 0.201342 0.143555
