0 0.102500 0.179181 0.203000 0.174061
0 0.361500 0.179181 0.203000 0.174061
0 0.628500 0.180887 0.203000 0.174061
0 0.898000 0.182594 0.204000 0.174061
0 0.893000 0.395904 0.204000 0.174061
0 0.627000 0.400171 0.204000 0.174061
0 0.366000 0.400171 0.204000 0.174061
0 0.103000 0.396758 0.204000 0.174061
0 0.103000 0.621160 0.204000 0.174061
0 0.364000 0.622867 0.204000 0.174061
0 0.630000 0.621160 0.204000 0.174061
0 0.896000 0.619454 0.204000 0.174061
0 0.891000 0.870307 0.204000 0.174061
0 0.629000 0.870307 0.204000 0.174061
0 0.375500 0.876706 0.213000 0.176621
0 0.106500 0.873294 0.211000 0.176621
