0 0.318345 0.193243 0.176259 0.048649
0 0.316547 0.274324 0.176259 0.048649
0 0.316547 0.339189 0.176259 0.048649
0 0.316547 0.406757 0.176259 0.048649
0 0.316547 0.472973 0.176259 0.048649
0 0.316547 0.541892 0.176259 0.048649
0 0.318345 0.609459 0.176259 0.048649
0 0.316547 0.678378 0.176259 0.048649
0 0.318345 0.745946 0.176259 0.048649
0 0.318345 0.805405 0.176259 0.048649
0 0.318345 0.872973 0.176259 0.048649
0 0.314748 0.939189 0.176259 0.048649
0 0.549460 0.931081 0.224820 0.059459
0 0.545863 0.825676 0.224820 0.059459
0 0.549460 0.717568 0.224820 0.059459
0 0.551259 0.606757 0.224820 0.059459
0 0.549460 0.502703 0.224820 0.059459
0 0.547662 0.398649 0.224820 0.059459
0 0.553058 0.302703 0.224820 0.059459
0 0.551259 0.201351 0.224820 0.059459
0 0.827338 0.209459 0.284173 0.081081
0 0.827338 0.344595 0.284173 0.081081
0 0.830935 0.470270 0.284173 0.081081
0 0.827338 0.606757 0.284173 0.081081
0 0.829137 0.756757 0.284173 0.081081
0 0.829137 0.918919 0.284173 0.081081
0 0.114209 0.186486 0.142086 0.040541
0 0.112410 0.254054 0.142086 0.040541
0 0.117806 0.314865 0.142086 0.040541
0 0.116007 0.368919 0.142086 0.040541
0 0.119604 0.416216 0.142086 0.040541
0 0.117806 0.474324 0.142086 0.040541
0 0.117806 0.532432 0.142086 0.040541
0 0.116007 0.587838 0.142086 0.040541
0 0.114209 0.641892 0.142086 0.040541
0 0.116007 0.697297 0.142086 0.040541
0 0.112410 0.750000 0.142086 0.040541
0 0.110612 0.816216 0.142086 0.040541
0 0.117806 0.878378 0.142086 0.040541
0 0.112410 0.937838 0.142086 0.040541
