0 0.170219 0.110200 0.187707 0.132299
0 0.169805 0.269281 0.187707 0.132299
0 0.176428 0.423533 0.187707 0.132299
0 0.173738 0.579248 0.187707 0.132299
0 0.173324 0.733499 0.187707 0.132299
0 0.172910 0.889360 0.187707 0.132299
0 0.393108 0.892434 0.187707 0.132299
0 0.611031 0.888775 0.187707 0.132299
0 0.831229 0.890092 0.187707 0.132299
0 0.392695 0.734377 0.187707 0.132299
0 0.610824 0.735694 0.187707 0.132299
0 0.390004 0.579540 0.187707 0.132299
0 0.610410 0.579248 0.187707 0.132299
0 0.833092 0.578955 0.187707 0.132299
0 0.828125 0.733206 0.187707 0.132299
0 0.829988 0.422362 0.187707 0.132299
0 0.606478 0.420460 0.187707 0.132299
0 0.394557 0.421777 0.187707 0.132299
0 0.389590 0.268550 0.187707 0.132299
0 0.619102 0.264891 0.187707 0.132299
0 0.832678 0.264598 0.187707 0.132299
0 0.832264 0.111371 0.187707 0.132299
0 0.613514 0.111079 0.187707 0.132299
0 0.392488 0.112396 0.187707 0.132299
