0 0.137352 0.235026 0.130435 0.105469
0 0.145751 0.477865 0.159091 0.080729
0 0.307312 0.444661 0.158103 0.123698
0 0.470850 0.565104 0.159091 0.148438
0 0.469862 0.390625 0.135375 0.130208
0 0.467391 0.217448 0.134387 0.104167
0 0.304842 0.201172 0.083992 0.055990
0 0.303854 0.289062 0.068182 0.031250
0 0.302866 0.346354 0.068182 0.031250
0 0.623518 0.192708 0.112648 0.138021
0 0.753953 0.187500 0.112648 0.138021
0 0.879447 0.186198 0.122530 0.138021
0 0.885375 0.332682 0.110672 0.131510
0 0.753953 0.331380 0.110672 0.131510
0 0.754941 0.488932 0.110672 0.131510
0 0.625494 0.494141 0.110672 0.131510
0 0.623518 0.340495 0.110672 0.131510
0 0.882411 0.487630 0.110672 0.131510
