0 0.105302 0.173437 0.182622 0.131250
0 0.304860 0.173437 0.182622 0.131250
0 0.504418 0.173437 0.182622 0.131250
0 0.703976 0.174479 0.182622 0.131250
0 0.903903 0.172396 0.183358 0.131250
0 0.903903 0.313542 0.183358 0.131250
0 0.704345 0.313542 0.183358 0.131250
0 0.504786 0.313542 0.183358 0.131250
0 0.305228 0.315625 0.183358 0.131250
0 0.105670 0.314583 0.183358 0.131250
0 0.104197 0.456771 0.183358 0.131250
0 0.303019 0.455729 0.183358 0.131250
0 0.503314 0.457292 0.183358 0.131250
0 0.704345 0.457813 0.183358 0.131250
0 0.905376 0.456771 0.183358 0.131250
0 0.903903 0.596875 0.183358 0.131250
0 0.705081 0.597396 0.183358 0.131250
0 0.504786 0.595833 0.183358 0.131250
0 0.305965 0.594792 0.183358 0.131250
0 0.104197 0.598437 0.183358 0.131250
0 0.104934 0.737500 0.183358 0.131250
0 0.305965 0.738021 0.183358 0.131250
0 0.504786 0.736979 0.183358 0.131250
0 0.703608 0.739583 0.183358 0.131250
0 0.904639 0.738542 0.183358 0.131250
0 0.905376 0.880729 0.183358 0.131250
0 0.705817 0.881250 0.183358 0.131250
0 0.506259 0.883333 0.183358 0.131250
0 0.304492 0.883854 0.183358 0.131250
0 0.104934 0.882812 0.183358 0.131250
