0 0.138393 0.132812 0.205357 0.136719
0 0.376488 0.132812 0.205357 0.136719
0 0.617560 0.132812 0.205357 0.136719
0 0.855655 0.132812 0.205357 0.136719
0 0.855655 0.284180 0.211310 0.138672
0 0.617560 0.284180 0.211310 0.138672
0 0.379464 0.282227 0.211310 0.138672
0 0.138393 0.284180 0.211310 0.138672
0 0.141369 0.437500 0.211310 0.136719
0 0.138393 0.587891 0.211310 0.136719
0 0.138393 0.738281 0.211310 0.136719
0 0.138393 0.890625 0.211310 0.136719
0 0.379464 0.890625 0.211310 0.136719
0 0.617560 0.890625 0.211310 0.136719
0 0.858631 0.890625 0.211310 0.136719
0 0.858631 0.738281 0.211310 0.136719
0 0.614583 0.738281 0.211310 0.136719
0 0.379464 0.738281 0.211310 0.136719
0 0.376488 0.587891 0.211310 0.136719
0 0.614583 0.587891 0.211310 0.136719
0 0.858631 0.585938 0.211310 0.136719
0 0.858631 0.434570 0.211310 0.138672
0 0.620536 0.434570 0.211310 0.138672
0 0.379464 0.434570 0.211310 0.138672
