0 0.145570 0.100911 0.202532 0.162760
0 0.389241 0.099609 0.202532 0.162760
0 0.629747 0.100911 0.205696 0.167969
0 0.874209 0.099609 0.207278 0.167969
0 0.871044 0.298177 0.204114 0.164062
0 0.630538 0.295573 0.204114 0.164062
0 0.386867 0.294271 0.204114 0.164062
0 0.144778 0.296875 0.204114 0.164062
0 0.143196 0.526042 0.204114 0.164062
0 0.390032 0.524740 0.204114 0.164062
0 0.627373 0.526042 0.204114 0.164062
0 0.870253 0.524740 0.205696 0.164062
0 0.868671 0.708333 0.205696 0.164062
0 0.627373 0.707031 0.204114 0.164062
0 0.384494 0.707682 0.202532 0.165365
0 0.144778 0.707682 0.204114 0.165365
0 0.146361 0.895182 0.204114 0.165365
0 0.386076 0.895182 0.202532 0.165365
0 0.625000 0.895833 0.199367 0.158854
0 0.871835 0.893229 0.202532 0.164062
